ENTER PAGE/FRAME SIZE
ENTER PARAMETER B, MUST BE EVEN
ENTER MEMORY SIZE
ENTER NUMBERS
Mem created
File is stored as
Contents of Disk File: 
16 49 61 83 96 109 109 130 130 135 
146 149 158 164 168 182 182 197 210 219 
237 237 271 286 313 321 324 330 337 344 
362 377 384 386 394 455 460 460 461 461 
469 476 498 504 508 509 513 523 523 532 
543 545 567 568 582 585 586 607 608 608 
615 622 635 636 645 646 648 670 672 672 
675 682 687 688 690 691 692 703 710 719 
738 755 756 771 775 779 782 783 785 814 
819 820 829 852 861 862 890 891 910 914 
923 943 992 1003 1007 1017 1022 1025 1058 1058 
1059 1060 1061 1067 1078 1091 1102 1105 1110 1112 
1123 1142 1146 1150 1175 1177 1187 1190 1222 1223 
1226 1268 1273 1299 1308 1327 1328 1331 1338 1347 
1351 1388 1397 1400 1408 1412 1421 1428 1428 1439 
1466 1473 1483 1492 1498 1501 1516 1533 1562 1566 
1566 1574 1575 1579 1580 1587 1595 1595 1597 1599 
1609 1613 1623 1625 1631 1657 1694 1696 1698 1710 
1714 1728 1732 1735 1740 1743 1745 1758 1775 1785 
1789 1797 1840 1862 1880 1884 1894 1898 1908 1909 
1923 1923 1925 1933 1953 1975 1976 1977 1981 1994 
2001 2017 2052 2057 2089 2101 2101 2101 2104 2129 
2136 2145 2161 2167 2171 2195 2197 2212 2213 2236 
2236 2245 2261 2262 2278 2283 2285 2312 2318 2331 
2337 2344 2346 2357 2375 2379 2380 2398 2400 2424 
2431 2431 2436 2437 2441 2443 2458 2464 2476 2481 
2484 2496 2512 2514 2522 2525 2526 2529 2536 2566 
2586 2605 2620 2647 2696 2709 2709 2746 2752 2773 
2774 2797 2797 2816 2828 2844 2851 2861 2864 2881 
2882 2893 2906 2911 2916 2933 2936 2941 2950 2957 
2969 2976 2982 2990 2990 2998 3013 3024 3033 3036 
3054 3071 3092 3093 3097 3112 3115 3119 3122 3133 
3154 3156 3168 3170 3182 3185 3185 3204 3217 3225 
3233 3239 3263 3276 3281 3295 3300 3305 3305 3307 
3318 3325 3328 3329 3356 3361 3385 3390 3402 3405 
3409 3444 3444 3451 3451 3457 3506 3521 3532 3534 
3536 3538 3558 3565 3569 3591 3602 3611 3619 3635 
3636 3640 3641 3670 3670 3689 3706 3711 3722 3727 
3753 3765 3786 3790 3814 3820 3832 3837 3838 3841 
3841 3848 3854 3859 3860 3871 3884 3890 3893 3895 
3919 3960 3966 3971 3977 3983 4008 4035 4042 4067 
4075 4085 4089 4123 4128 4129 4155 4159 4185 4188 
4217 4219 4231 4249 4321 4353 4355 4363 4366 4368 
4374 4413 4413 4429 4449 4450 4451 4458 4465 4468 
4477 4480 4490 4510 4513 4523 4538 4543 4556 4582 
4594 4604 4623 4653 4661 4670 4684 4685 4698 4699 
4718 4723 4724 4727 4732 4751 4752 4763 4788 4821 
4821 4822 4828 4834 4835 4839 4840 4851 4853 4861 
4867 4879 4889 4896 4916 4916 4918 4948 4963 4976 
4988 4991 4997 4998 5017 5027 5038 5040 5117 5139 
5141 5158 5165 5177 5189 5209 5213 5236 5251 5256 
5262 5276 5279 5282 5286 5296 5299 5318 5322 5341 
5347 5365 5366 5379 5399 5431 5450 5458 5462 5463 
5490 5491 5493 5505 5508 5523 5545 5546 5550 5554 
5555 5562 5579 5580 5606 5615 5637 5652 5667 5688 
5693 5700 5703 5711 5719 5746 5761 5763 5766 5766 
5778 5790 5813 5813 5823 5824 5832 5848 5850 5858 
5868 5869 5880 5881 5912 5924 5928 5931 5932 5934 
5957 5965 5975 5983 6022 6026 6028 6031 6062 6096 
6121 6138 6140 6150 6154 6156 6158 6164 6179 6205 
6213 6215 6218 6218 6219 6227 6231 6239 6242 6266 
6272 6282 6294 6317 6327 6330 6331 6358 6373 6397 
6397 6427 6452 6478 6480 6486 6490 6498 6514 6555 
6556 6570 6570 6573 6575 6584 6588 6601 6602 6603 
6607 6629 6647 6654 6670 6693 6709 6717 6720 6735 
6746 6768 6768 6770 6775 6779 6818 6818 6825 6841 
6856 6862 6867 6870 6881 6894 6919 6966 6969 7010 
7019 7041 7050 7057 7105 7135 7145 7157 7167 7178 
7203 7204 7209 7228 7233 7248 7253 7258 7261 7265 
7268 7283 7295 7297 7326 7356 7358 7373 7391 7400 
7404 7411 7424 7432 7433 7435 7450 7455 7479 7484 
7495 7501 7522 7534 7540 7546 7572 7573 7574 7577 
7578 7584 7588 7588 7611 7629 7630 7632 7639 7642 
7659 7667 7672 7679 7683 7688 7689 7700 7712 7741 
7760 7763 7776 7779 7779 7789 7791 7795 7804 7810 
7851 7882 7898 7902 7904 7906 7917 7920 7921 7949 
7954 7979 7986 7990 7997 7998 8013 8029 8052 8061 
8072 8084 8093 8095 8096 8097 8108 8130 8137 8145 
8146 8156 8169 8171 8178 8189 8192 8207 8220 8221 
8232 8234 8237 8244 8253 8267 8279 8282 8292 8317 
8331 8332 8332 8337 8342 8349 8372 8374 8377 8382 
8392 8401 8402 8412 8415 8416 8434 8441 8445 8451 
1017 1060 1061 1112 1308 1400 1466 1575 1710 1740 
1789 1884 1894 1923 1976 1981 1994 2101 2212 2261 
2337 2380 2431 2431 2464 2484 2525 2941 2950 3307 
3390 3405 3506 3536 3569 3591 3689 3706 3722 3841 
3848 4067 4075 4089 4129 4159 4185 4249 4321 4510 
4543 4685 4879 4896 4916 4948 4988 5165 5276 5279 
5322 5366 5545 5555 5562 5606 5813 5869 5880 5924 
5932 5965 5975 6031 6138 6213 6239 6266 6330 6478 
6486 6584 6601 6647 6693 6720 6862 6867 6870 6881 
6966 7105 7135 7167 7203 7233 7253 7295 7297 7356 
7404 7432 7455 7501 7630 7642 7667 7741 7760 7763 
7779 7804 7898 7997 8013 8072 8108 8137 8192 8234 
8244 8253 8342 8402 8412 8415 8458 8466 8466 8473 
8473 8498 8498 8503 8515 8516 8520 8521 8552 8552 
8587 8599 8608 8620 8620 8625 8634 8634 8643 8646 
8652 8692 8701 8718 8723 8725 8725 8758 8760 8767 
8803 8811 8828 1017 1060 1061 1112 1308 1400 1466 
1575 1710 1740 1789 1884 1894 1923 1976 1981 1994 
2101 2212 2261 2337 2380 2431 2431 2464 2484 2525 
2941 2950 3307 3390 3405 3506 3536 3569 3591 3689 
3706 3722 3841 3848 4067 4075 4089 4129 4159 4185 
4249 4321 4510 4543 4685 4879 4896 4916 4948 4988 
5165 5276 5279 5322 5366 5545 5555 5562 5606 5813 
5869 5880 5924 5932 5965 5975 6031 6138 6213 6239 
6266 6330 6478 6486 6584 6601 6647 6693 6720 6862 
6867 6870 6881 6966 7105 7135 7167 7203 7233 7253 
7295 7297 7356 7404 7432 7455 7501 7630 7642 7667 
7741 7760 7763 7779 7804 7898 7997 8013 8072 8108 
8137 8192 8234 8244 8253 8342 8402 8412 8415 8466 
8473 8498 8552 8620 8634 8725 8843 8849 8851 8851 
8851 8856 8858 8858 8858 8864 8864 8864 8865 8886 
8886 8886 8894 8914 8914 8914 8915 8932 8965 8976 
8998 8998 8998 9042 9042 9042 9063 9066 9071 9098 
9098 9098 9119 9119 9119 9120 9120 9127 9128 9128 
9128 9148 9164 9164 9164 9169 9176 9176 9176 9177 
9212 9213 9215 9218 9220 9229 9234 9234 9234 9235 
9235 9235 9247 9248 9262 9265 9273 9273 9273 9279 
9289 9348 9348 9348 9361 9375 9375 9375 9418 9418 
9418 9453 9458 9470 9480 9480 9480 9496 9500 9500 
9500 9501 9518 9576 9588 9597 9610 9616 9616 9616 
9618 9621 9623 9623 9623 9636 1017 1060 1061 1112 
1308 1400 1466 1575 1710 1740 1789 1884 1894 1923 
1976 1981 1994 2101 2212 2261 2337 2380 2431 2431 
2464 2484 2525 2941 2950 3307 3390 3405 3506 3536 
3569 3591 3689 3706 3722 3841 3848 4067 4075 4089 
4129 4159 4185 4249 4321 4510 4543 4685 4879 4896 
4916 4948 4988 5165 5276 5279 5322 5366 5545 5555 
5562 5606 5813 5869 5880 5924 5932 5965 5975 6031 
6138 6213 6239 6266 6330 6478 6486 6584 6601 6647 
6693 6720 6862 6867 6870 6881 6966 7105 7135 7167 
7203 7233 7253 7295 7297 7356 7404 7432 7455 7501 
7630 7642 7667 7741 7760 7763 7779 7804 7898 7997 
8013 8072 8108 8137 8192 8234 8244 8253 8342 8402 
8412 8415 8466 8473 8498 8552 8620 8634 8725 8851 
8858 8864 8886 8914 8998 9042 9098 9119 9128 9164 
9176 9234 9235 9273 9348 9375 9418 9480 9500 9616 
9623 9643 9648 9648 9648 9648 9667 9668 9672 9691 
9694 9694 9694 9694 9718 9719 9746 9782 9806 9838 
9859 9859 9859 9859 9879 9886 9886 9886 9886 9887 
9891 9893 9893 9893 9893 9920 9965 9965 9965 9965 
10008 10029 1017 1060 1061 1112 1308 1400 1466 1575 
1710 1740 1789 1884 1894 1923 1976 1981 1994 2101 
2212 2261 2337 2380 2431 2431 2464 2484 2525 2941 
2950 3307 3390 3405 3506 3536 3569 3591 3689 3706 
3722 3841 3848 4067 4075 4089 4129 4159 4185 4249 
4321 4510 4543 4685 4879 4896 4916 4948 4988 5165 
5276 5279 5322 5366 5545 5555 5562 5606 5813 5869 
5880 5924 5932 5965 5975 6031 6138 6213 6239 6266 
6330 6478 6486 6584 6601 6647 6693 6720 6862 6867 
6870 6881 6966 7105 7135 7167 7203 7233 7253 7295 
7297 7356 7404 7432 7455 7501 7630 7642 7667 7741 
7760 7763 7779 7804 7898 7997 8013 8072 8108 8137 
8192 8234 8244 8253 8342 8402 8412 8415 8466 8473 
8498 8552 8620 8634 8725 8851 8858 8864 8886 8914 
8998 9042 9098 9119 9128 9164 9176 9234 9235 9273 
9348 9375 9418 9480 9500 9616 9623 9648 9694 9859 
9886 9893 9965 10048 10082 10082 10082 10082 10082 10088 
10100 10144 10144 10144 10144 10144 10147 10150 10150 10150 
10150 10150 10154 10154 10154 10154 10154 10154 10162 10163 
10190 10228 10228 10228 10228 10228 10237 10237 10237 10237 
10237 10264 10278 10290 10291 10291 10291 10291 10291 10305 
10324 10324 10324 10324 10324 10376 10376 10376 10376 10376 
10430 10452 10463 10463 10463 10463 10463 10527 10549 10549 
10549 10549 10549 10578 10578 10578 10578 10578 10622 10645 
10645 10645 10645 10645 10645 10649 10649 10649 10649 10649 
10669 10670 10691 10693 10716 10759 10774 10844 10844 10844 
10844 10844 10844 10844 10844 10844 10844 10861 10898 10898 
10898 10898 10898 10920 10946 10946 10946 10946 10946 11025 
11087 11121 11144 11170 11170 11170 11170 11170 11177 11347 
11382 11403 11403 11426 11452 11474 11507 11545 11631 11754 
11758 11786 11798 11825 11849 11849 11853 11877 11888 11891 
11981 11995 12001 12084 12109 12149 12175 12204 12233 12238 
12256 12283 12377 12403 12411 12412 12413 12477 12477 12477 
12477 12477 12477 12477 12477 12477 12477 12477 12477 12577 
1017 1060 1061 1112 1308 1400 1466 1575 1710 1740 
1789 1884 1894 1923 1976 1981 1994 2101 2212 2261 
2337 2380 2431 2431 2464 2484 2525 2941 2950 3307 
3390 3405 3506 3536 3569 3591 3689 3706 3722 3841 
3848 4067 4075 4089 4129 4159 4185 4249 4321 4510 
4543 4685 4879 4896 4916 4948 4988 5165 5276 5279 
5322 5366 5545 5555 5562 5606 5813 5869 5880 5924 
5932 5965 5975 6031 6138 6213 6239 6266 6330 6478 
6486 6584 6601 6647 6693 6720 6862 6867 6870 6881 
6966 7105 7135 7167 7203 7233 7253 7295 7297 7356 
7404 7432 7455 7501 7630 7642 7667 7741 7760 7763 
7779 7804 7898 7997 8013 8072 8108 8137 8192 8234 
8244 8253 8342 8402 8412 8415 8466 8473 8498 8552 
8620 8634 8725 8851 8858 8864 8886 8914 8998 9042 
9098 9119 9128 9164 9176 9234 9235 9273 9348 9375 
9418 9480 9500 9616 9623 9648 9694 9859 9886 9893 
9965 10082 10144 10150 10154 10228 10237 10291 10324 10376 
10463 10549 10578 10645 10649 10844 10844 10898 10946 11170 
12601 12601 12601 12601 12601 12601 12712 12712 12712 12712 
12712 12712 12719 12719 12719 12719 12719 12719 12727 12729 
12735 12735 12735 12735 12735 12735 12842 12842 12842 12842 
12842 12842 12870 12870 12870 12870 12870 12870 12907 12960 
12960 12960 12960 12960 12960 12965 12965 12965 12965 12965 
12965 12984 12984 12984 12984 12984 12984 13061 13061 13061 
13061 13061 13061 13112 13182 13182 13182 13182 13182 13182 
13183 13183 13183 13183 13183 13183 13207 13207 13207 13207 
13207 13207 13257 13301 13302 13302 13302 13302 13302 13302 
13319 13358 13358 13358 13358 13358 13358 13400 13400 13400 
13400 13400 13400 13424 13481 13481 13481 13481 13481 13481 
13511 13511 13511 13511 13511 13511 13541 13541 13541 13541 
13541 13541 13560 13560 13560 13560 13560 13560 13568 13595 
13595 13595 13595 13595 13595 13617 13617 13617 13617 13617 
13617 13680 13680 13680 13680 13680 13680 13691 13691 13691 
13691 13691 13691 13753 13753 13753 13753 13753 13753 13779 
13779 13779 13779 13779 13779 13806 13806 13806 13806 13806 
13806 13855 13855 13855 13855 13855 13855 13965 13965 13965 
13965 13965 13965 14027 14027 14027 14027 14027 14027 14035 
14035 14035 14035 14035 14035 14058 14058 14058 14058 14058 
14058 14079 14079 14079 14079 14079 14079 14274 14274 14274 
14274 14274 14274 14314 14314 14314 14314 14314 14314 14338 
14338 14338 14338 14338 14338 14450 14450 14450 14450 14450 
14450 14626 14632 14632 14632 14632 14632 14632 14660 14660 
14660 14660 14660 14660 14730 14730 14730 14730 14730 14730 
14799 14799 14799 14799 14799 14799 14803 14877 14877 14877 
14877 14877 14877 14925 14925 14925 14925 14925 14925 14926 
14926 14926 14926 14926 14926 14940 14940 14940 14940 14940 
14940 15067 15067 15067 15067 15067 15067 15117 15117 15117 
15117 15117 15117 15213 15213 15213 15213 15213 15213 15219 
15219 15219 15219 15219 15219 15332 15332 15332 15332 15332 
15332 15340 15340 15340 15340 15340 15340 15354 15354 15354 
15354 15354 15354 15366 15366 15366 15366 15366 15366 15415 
15415 15415 15415 15415 15415 15460 15460 15460 15460 15460 
15460 15475 15475 15475 15475 15475 15475 15505 15562 15562 
15562 15562 15562 15562 15586 15586 15586 15586 15586 15586 
15614 15614 15614 15614 15614 15614 15625 15625 15625 15625 
15625 15625 15766 15766 15766 15766 15766 15766 15835 15835 
15835 15835 15835 15835 15849 15849 15849 15849 15849 15849 
15861 15861 15861 15861 15861 15861 15872 15872 15872 15872 
15872 15872 15942 15942 15942 15942 15942 15942 16018 16018 
16018 16018 16018 16018 16049 16049 16049 16049 16049 16049 
16092 16092 16092 16092 16092 16092 16122 16122 16122 16122 
16122 16122 16141 16141 16141 16141 16141 16141 16165 16165 
16165 16165 16165 16165 16259 16259 16259 16259 16259 16259 
16452 16452 16452 16452 16452 16452 16494 16494 16494 16494 
16494 16494 16523 16523 16523 16523 16523 16523 16613 16613 
16613 16613 16613 16613 16721 16721 16721 16721 16721 16721 
16762 16762 16762 16762 16762 16762 16957 16957 16957 16957 
16957 16957 17049 17049 17049 17049 17049 17049 17167 17167 
17167 17167 17167 17167 17219 17219 17219 17219 17219 17219 
17247 17247 17247 17247 17247 17247 17282 17282 17282 17282 
17282 17282 17304 17304 17304 17304 17304 17304 17342 17342 
17342 17342 17342 17342 17374 17374 17374 17374 17374 17374 
17394 17394 17394 17394 17394 17394 17500 17500 17500 17500 
17500 17500 17509 17509 17509 17509 17509 17509 17633 17633 
17633 17633 17633 17633 17635 17635 17635 17635 17635 17635 
17744 17744 17744 17744 17744 17744 17977 17977 17977 17977 
17977 17977 18051 18051 18051 18051 18051 18051 18094 18094 
18094 18094 18094 18094 18379 18379 18379 18379 18379 18379 
18460 18460 18460 18460 18460 18460 18521 18521 18521 18521 
18521 18521 18744 18744 18744 18744 18744 18744 18758 18758 
18758 18758 18758 18758 18764 18764 18764 18764 18764 18764 
18779 18779 18779 18779 18779 18779 18783 18783 18783 18783 
18783 18783 18967 18967 18967 18967 18967 18967 19046 19046 
19046 19046 19046 19046 19082 19082 19082 19082 19082 19082 
19100 19100 19100 19100 19100 19100 19143 19143 19143 19143 
19143 19143 19175 19175 19175 19175 19175 19175 19206 19206 
19206 19206 19206 19206 19336 19336 19336 19336 19336 19336 
19391 19391 19391 19391 19391 19391 19440 19440 19440 19440 
19440 19440 19462 19462 19462 19462 19462 19462 19512 19512 
19512 19512 19512 19512 19720 19720 19720 19720 19720 19720 
19783 19783 19783 19783 19783 19783 19805 19805 19805 19805 
19805 19805 19871 19871 19871 19871 19871 19871 19930 19930 
19930 19930 19930 19930 19943 19943 19943 19943 19943 19943 
19969 19969 19969 19969 19969 19969 19971 19971 19971 19971 
19971 19971 20019 20019 20019 20019 20019 20019 20089 20089 
20089 20089 20089 20089 20114 20114 20114 20114 20114 20114 
20179 20179 20179 20179 20179 20179 20198 20198 20198 20198 
20198 20198 20206 20206 20206 20206 20206 20206 20211 20211 
20211 20211 20211 20211 20279 20279 20279 20279 20279 20279 
20307 20307 20307 20307 20307 20307 20335 20335 20335 20335 
20335 20335 20398 20398 20398 20398 20398 20398 20419 20419 
20419 20419 20419 20419 20594 20594 20594 20594 20594 20594 
20634 20634 20634 20634 20634 20634 20679 20679 20679 20679 
20679 20679 20732 20732 20732 20732 20732 20732 20734 20734 
20734 20734 20734 20734 20970 20970 20970 20970 20970 20970 
21022 21022 21022 21022 21022 21022 21032 21032 21032 21032 
21032 21032 21067 21067 21067 21067 21067 21067 21132 21132 
21132 21132 21132 21132 21184 21184 21184 21184 21184 21184 
21263 21263 21263 21263 21263 21263 21301 21301 21301 21301 
21301 21301 21301 21301 21301 21301 21301 21301 21347 21347 
21347 21347 21347 21347 21370 21370 21370 21370 21370 21370 
21402 21402 21402 21402 21402 21402 21408 21408 21408 21408 
21408 21408 21528 21528 21528 21528 21528 21528 21603 21603 
21603 21603 21603 21603 21675 21675 21675 21675 21675 21675 
21739 21739 21739 21739 21739 21739 21815 21815 21815 21815 
21815 21815 21915 21915 21915 21915 21915 21915 21969 21969 
21969 21969 21969 21969 21977 21977 21977 21977 21977 21977 
21980 21980 21980 21980 21980 21980 22009 22009 22009 22009 
22009 22009 22127 22127 22127 22127 22127 22127 22159 22159 
22159 22159 22159 22159 22226 22226 22226 22226 22226 22226 
22230 22230 22230 22230 22230 22230 22241 22241 22241 22241 
22241 22241 22302 22302 22302 22302 22302 22302 22309 22309 
22309 22309 22309 22309 22332 22332 22332 22332 22332 22332 
22342 22342 22342 22342 22342 22342 22408 22408 22408 22408 
22408 22408 22436 22436 22436 22436 22436 22436 22472 22472 
22472 22472 22472 22472 22526 22526 22526 22526 22526 22526 
22557 22621 22640 22656 22669 22833 22958 22965 22983 22983 
22986 22998 23093 23094 23185 23213 23391 23422 23445 23574 
23611 23611 23611 23611 23611 23611 23644 23644 23644 23644 
23644 23644 23723 23723 23723 23723 23723 23723 23748 23748 
23748 23748 23748 23748 23879 23879 23879 23879 23879 23879 
23886 23886 23886 23886 23886 23886 23891 23891 23891 23891 
23891 23891 23937 23937 23937 23937 23937 23937 23975 23975 
23975 23975 23975 23975 24031 24031 24031 24031 24031 24031 
24032 24032 24032 24032 24032 24032 24103 24103 24103 24103 
24103 24103 24142 24142 24142 24142 24142 24142 24165 24165 
24165 24165 24165 24165 24247 24247 24247 24247 24247 24247 
24285 24285 24285 24285 24285 24285 24427 24427 24427 24427 
24427 24427 24452 24452 24452 24452 24452 24452 24616 24616 
24616 24616 24616 24616 24726 24726 24726 24726 24726 24726 
24776 24776 24776 24776 24776 24776 24790 24790 24790 24790 
24790 24790 24845 24845 24845 24845 24845 24845 24920 24920 
24920 24920 24920 24920 24957 24957 24957 24957 24957 24957 
24970 24970 24970 24970 24970 24970 24994 24994 24994 24994 
24994 24994 25004 25004 25004 25004 25004 25004 25049 25049 
25049 25049 25049 25049 25056 25056 25056 25056 25056 25056 
25343 25343 25343 25343 25343 25343 25358 25358 25358 25358 
25358 25358 25389 25389 25389 25389 25389 25389 25439 25439 
25439 25439 25439 25439 25547 25547 25547 25547 25547 25547 
25715 25715 25715 25715 25715 25715 25742 25742 25742 25742 
25742 25742 25777 25777 25777 25777 25777 25777 25903 25903 
25903 25903 25903 25903 25922 25922 25922 25922 25922 25922 
26126 26126 26126 26126 26126 26126 26216 26216 26216 26216 
26216 26216 26225 26225 26225 26225 26225 26225 26250 26250 
26250 26250 26250 26250 26289 26289 26289 26289 26289 26289 
26292 26292 26292 26292 26292 26292 26317 26317 26317 26317 
26317 26317 26364 26364 26364 26364 26364 26364 26507 26507 
26507 26507 26507 26507 26587 26587 26587 26587 26587 26587 
26648 26648 26648 26648 26648 26648 26690 26690 26690 26690 
26690 26690 26760 26760 26760 26760 26760 26760 26829 26829 
26829 26829 26829 26829 26845 26845 26845 26845 26845 26845 
26868 26868 26868 26868 26868 26868 26886 26886 26886 26886 
26886 26886 26908 26908 26908 26908 26908 26908 26948 26948 
26948 26948 26948 26948 26967 26967 26967 26967 26967 26967 
27116 27116 27116 27116 27116 27116 27143 27143 27143 27143 
27143 27143 27194 27194 27194 27194 27194 27194 27205 27205 
27205 27205 27205 27205 27221 27221 27221 27221 27221 27221 
27254 27254 27254 27254 27254 27254 27425 27425 27425 27425 
27425 27425 27463 27463 27463 27463 27463 27463 27659 27659 
27659 27659 27659 27659 27742 27742 27742 27742 27742 27742 
27755 27755 27755 27755 27755 27755 27823 27823 27823 27823 
27823 27823 27832 27832 27832 27832 27832 27832 27875 27875 
27875 27875 27875 27875 27938 27938 27938 27938 27938 27938 
27992 27992 27992 27992 27992 27992 28102 28102 28102 28102 
28102 28102 28147 28147 28147 28147 28147 28147 28194 28194 
28194 28194 28194 28194 28402 28402 28402 28402 28402 28402 
28438 28438 28438 28438 28438 28438 28451 28451 28451 28451 
28451 28451 28467 28467 28467 28467 28467 28467 28494 28494 
28494 28494 28494 28494 28610 28610 28610 28610 28610 28610 
28612 28612 28612 28612 28612 28612 28780 28780 28780 28780 
28780 28780 28801 28801 28801 28801 28801 28801 28808 28808 
28808 28808 28808 28808 28998 28998 28998 28998 28998 28998 
29091 29091 29091 29091 29091 29091 29102 29102 29102 29102 
29102 29102 29500 29500 29500 29500 29500 29500 29535 29535 
29535 29535 29535 29535 29560 29560 29560 29560 29560 29560 
29591 29591 29591 29591 29591 29591 29595 29595 29595 29595 
29595 29595 29600 29600 29600 29600 29600 29600 29602 29602 
29602 29602 29602 29602 29693 29693 29693 29693 29693 29693 
29870 29870 29870 29870 29870 29870 30039 30039 30039 30039 
30039 30039 30125 30125 30125 30125 30125 30125 30140 30140 
30140 30140 30140 30140 30144 30144 30144 30144 30144 30144 
30186 30186 30186 30186 30186 30186 30204 30204 30204 30204 
30204 30204 30215 30215 30215 30215 30215 30215 30307 30307 
30307 30307 30307 30307 30332 30332 30332 30332 30332 30332 
30346 30346 30346 30346 30346 30346 30427 30427 30427 30427 
30427 30427 30563 30563 30563 30563 30563 30563 30567 30567 
30567 30567 30567 30567 30636 30636 30636 30636 30636 30636 
30709 30709 30709 30709 30709 30709 30740 30740 30740 30740 
30740 30740 30784 30784 30784 30784 30784 30784 30797 30797 
30797 30797 30797 30797 30824 30824 30824 30824 30824 30824 
30835 30835 30835 30835 30835 30835 30872 30872 30872 30872 
30872 30872 30922 30922 30922 30922 30922 30922 30939 30939 
30939 30939 30939 30939 31002 31002 31002 31002 31002 31002 
31027 31027 31027 31027 31027 31027 31060 31060 31060 31060 
31060 31060 31061 31061 31061 31061 31061 31061 31088 31088 
31088 31088 31088 31088 31188 31188 31188 31188 31188 31188 
31203 31203 31203 31203 31203 31203 31235 31235 31235 31235 
31235 31235 31299 31299 31299 31299 31299 31299 31320 31320 
31320 31320 31320 31320 31377 31377 31377 31377 31377 31377 
31536 31536 31536 31536 31536 31536 31548 31548 31548 31548 
31548 31548 31750 31750 31750 31750 31750 31750 31817 31817 
31817 31817 31817 31817 31826 31826 31826 31826 31826 31826 
31849 31849 31849 31849 31849 31849 31872 31872 31872 31872 
31872 31872 31890 31890 31890 31890 31890 31890 31902 31902 
31902 31902 31902 31902 31955 31955 31955 31955 31955 31955 
32092 32092 32092 32092 32092 32092 32181 32181 32181 32181 
32181 32181 32251 32251 32251 32251 32251 32251 32351 32351 
32351 32351 32351 32351 32356 32356 32356 32356 32356 32356 
32438 32438 32438 32438 32438 32438 32560 32560 32560 32560 
32560 32560 32568 32568 32568 32568 32568 32568 32609 32609 
32609 32609 32609 32609 32632 32632 32632 32632 32632 32632 
32661 32661 32661 32661 32661 32661 32693 32693 32693 32693 
32693 32693 32711 32711 32711 32711 32711 32711 32783 32783 
32783 32783 32783 32783 32842 32842 32842 32842 32842 32842 
32917 32917 32917 32917 32917 32917 33132 33132 33132 33132 
33132 33132 33153 33153 33153 33153 33153 33153 33302 33302 
33302 33302 33302 33302 33318 33318 33318 33318 33318 33318 
33320 33320 33320 33320 33320 33320 33476 33476 33476 33476 
33476 33476 33517 33517 33517 33517 33517 33517 33539 33539 
33539 33539 33539 33539 33543 33543 33543 33543 33543 33543 
33544 33544 33544 33544 33544 33544 33601 33601 33601 33601 
33601 33601 33833 33833 33833 33833 33833 33833 33917 33917 
33917 33917 33917 33917 34029 34029 34029 34029 34029 34029 
34045 34045 34045 34045 34045 34045 34071 34071 34071 34071 
34071 34071 34114 34114 34114 34114 34114 34114 34184 34184 
34184 34184 34184 34184 34329 34329 34329 34329 34329 34329 
34353 34424 34427 34594 34640 34644 34738 34760 34766 34807 
34874 34881 34894 34952 34981 34998 35055 35201 35256 35278 
35297 35297 35297 35297 35297 35297 35308 35308 35308 35308 
35308 35308 35316 35316 35316 35316 35316 35316 35329 35329 
35329 35329 35329 35329 35351 35351 35351 35351 35351 35351 
35384 35384 35384 35384 35384 35384 35449 35449 35449 35449 
35449 35449 35452 35452 35452 35452 35452 35452 35453 35453 
35453 35453 35453 35453 35520 35520 35520 35520 35520 35520 
35547 35547 35547 35547 35547 35547 35631 35631 35631 35631 
35631 35631 35752 35752 35752 35752 35752 35752 35753 35753 
35753 35753 35753 35753 35808 35808 35808 35808 35808 35808 
35817 35817 35817 35817 35817 35817 36014 36014 36014 36014 
36014 36014 36027 36027 36027 36027 36027 36027 36239 36239 
36239 36239 36239 36239 36292 36292 36292 36292 36292 36292 
36453 36453 36453 36453 36453 36453 36471 36471 36471 36471 
36471 36471 36482 36482 36482 36482 36482 36482 36515 36515 
36515 36515 36515 36515 36531 36531 36531 36531 36531 36531 
36675 36675 36675 36675 36675 36675 36807 36807 36807 36807 
36807 36807 36850 36850 36850 36850 36850 36850 36856 36856 
36856 36856 36856 36856 36856 36856 36856 36856 36856 36856 
36856 36856 36856 36856 36856 36856 36871 36871 36871 36871 
36871 36871 36974 36974 36974 36974 36974 36974 37007 37007 
37007 37007 37007 37007 37073 37073 37073 37073 37073 37073 
37086 37086 37086 37086 37086 37086 37089 37089 37089 37089 
37089 37089 37106 37106 37106 37106 37106 37106 37111 37111 
37111 37111 37111 37111 37176 37176 37176 37176 37176 37176 
37177 37177 37177 37177 37177 37177 37280 37280 37280 37280 
37280 37280 37308 37308 37308 37308 37308 37308 37327 37327 
37327 37327 37327 37327 37417 37417 37417 37417 37417 37417 
37461 37461 37461 37461 37461 37461 37463 37463 37463 37463 
37463 37463 37606 37606 37606 37606 37606 37606 37689 37689 
37689 37689 37689 37689 37695 37695 37695 37695 37695 37695 
37710 37710 37710 37710 37710 37710 37800 37800 37800 37800 
37800 37800 37878 37878 37878 37878 37878 37878 37886 37886 
37886 37886 37886 37886 37944 37944 37944 37944 37944 37944 
37963 37963 37963 37963 37963 37963 37967 37967 37967 37967 
37967 37967 38003 38003 38003 38003 38003 38003 38010 38010 
38010 38010 38010 38010 38061 38061 38061 38061 38061 38061 
38113 38113 38113 38113 38113 38113 38129 38129 38129 38129 
38129 38129 38402 38402 38402 38402 38402 38402 38460 38460 
38460 38460 38460 38460 38498 38498 38498 38498 38498 38498 
38624 38624 38624 38624 38624 38624 38653 38653 38653 38653 
38653 38653 38659 38659 38659 38659 38659 38659 38680 38680 
38680 38680 38680 38680 38703 38703 38703 38703 38703 38703 
38707 38707 38707 38707 38707 38707 38717 38717 38717 38717 
38717 38717 38799 38799 38799 38799 38799 38799 38800 38800 
38800 38800 38800 38800 38812 38812 38812 38812 38812 38812 
38875 38875 38875 38875 38875 38875 38886 38886 38886 38886 
38886 38886 38972 38972 38972 38972 38972 38972 39067 39067 
39067 39067 39067 39067 39101 39101 39101 39101 39101 39101 
39250 39250 39250 39250 39250 39250 39282 39282 39282 39282 
39282 39282 39308 39308 39308 39308 39308 39308 39436 39436 
39436 39436 39436 39436 39465 39465 39465 39465 39465 39465 
39487 39487 39487 39487 39487 39487 39495 39495 39495 39495 
39495 39495 39504 39504 39504 39504 39504 39504 39553 39553 
39553 39553 39553 39553 39558 39558 39558 39558 39558 39558 
39788 39788 39788 39788 39788 39788 39854 39854 39854 39854 
39854 39854 39971 39971 39971 39971 39971 39971 39991 39991 
39991 39991 39991 39991 40108 40108 40108 40108 40108 40108 
40154 40154 40154 40154 40154 40154 40158 40158 40158 40158 
40158 40158 40267 40267 40267 40267 40267 40267 40383 40383 
40383 40383 40383 40383 40425 40425 40425 40425 40425 40425 
40448 40448 40448 40448 40448 40448 40542 40542 40542 40542 
40542 40542 40554 40554 40554 40554 40554 40554 40627 40627 
40627 40627 40627 40627 40718 40718 40718 40718 40718 40718 
40724 40724 40724 40724 40724 40724 40781 40781 40781 40781 
40781 40781 40840 40840 40840 40840 40840 40840 40857 40857 
40857 40857 40857 40857 41007 41007 41007 41007 41007 41007 
41080 41080 41080 41080 41080 41080 41119 41119 41119 41119 
41119 41119 41140 41140 41140 41140 41140 41140 41150 41150 
41150 41150 41150 41150 41211 41211 41211 41211 41211 41211 
41428 41428 41428 41428 41428 41428 41471 41471 41471 41471 
41471 41471 41598 41598 41598 41598 41598 41598 41714 41714 
41714 41714 41714 41714 41742 41742 41742 41742 41742 41742 
41800 41800 41800 41800 41800 41800 42115 42115 42115 42115 
42115 42115 42124 42124 42124 42124 42124 42124 42165 42165 
42165 42165 42165 42165 42173 42173 42173 42173 42173 42173 
42213 42213 42213 42213 42213 42213 42221 42221 42221 42221 
42221 42221 42387 42387 42387 42387 42387 42387 42404 42404 
42404 42404 42404 42404 42440 42440 42440 42440 42440 42440 
42470 42470 42470 42470 42470 42470 42472 42472 42472 42472 
42472 42472 42525 42525 42525 42525 42525 42525 42549 42549 
42549 42549 42549 42549 42775 42775 42775 42775 42775 42775 
42785 42785 42785 42785 42785 42785 42844 42844 42844 42844 
42844 42844 42896 42896 42896 42896 42896 42896 42909 42909 
42909 42909 42909 42909 42917 42917 42917 42917 42917 42917 
43009 43009 43009 43009 43009 43009 43085 43085 43085 43085 
43085 43085 43104 43104 43104 43104 43104 43104 43128 43128 
43128 43128 43128 43128 43132 43132 43132 43132 43132 43132 
43205 43205 43205 43205 43205 43205 43259 43259 43259 43259 
43259 43259 43286 43286 43286 43286 43286 43286 43380 43380 
43380 43380 43380 43380 43430 43430 43430 43430 43430 43430 
43440 43440 43440 43440 43440 43440 43494 43494 43494 43494 
43494 43494 43505 43505 43505 43505 43505 43505 43540 43540 
43540 43540 43540 43540 43605 43605 43605 43605 43605 43605 
43623 43623 43623 43623 43623 43623 43686 43686 43686 43686 
43686 43686 43688 43688 43688 43688 43688 43688 43726 43726 
43726 43726 43726 43726 43738 43738 43738 43738 43738 43738 
43822 43822 43822 43822 43822 43822 43842 43842 43842 43842 
43842 43842 43924 43924 43924 43924 43924 43924 43932 43932 
43932 43932 43932 43932 43993 43993 43993 43993 43993 43993 
44115 44115 44115 44115 44115 44115 44128 44128 44128 44128 
44128 44128 44142 44142 44142 44142 44142 44142 44174 44174 
44174 44174 44174 44174 44183 44183 44183 44183 44183 44183 
44290 44290 44290 44290 44290 44290 44298 44298 44298 44298 
44298 44298 44323 44323 44323 44323 44323 44323 44364 44364 
44364 44364 44364 44364 44480 44480 44480 44480 44480 44480 
44490 44490 44490 44490 44490 44490 44513 44513 44513 44513 
44513 44513 44542 44542 44542 44542 44542 44542 44554 44554 
44554 44554 44554 44554 44724 44724 44724 44724 44724 44724 
44726 44761 44794 44838 44876 44914 44916 44944 45025 45102 
45117 45190 45259 45269 45279 45334 45520 45581 45581 45602 
45626 45626 45626 45626 45626 45626 45640 45640 45640 45640 
45640 45640 45648 45648 45648 45648 45648 45648 45725 45725 
45725 45725 45725 45725 45770 45770 45770 45770 45770 45770 
45771 45771 45771 45771 45771 45771 45808 45808 45808 45808 
45808 45808 45880 45880 45880 45880 45880 45880 45895 45895 
45895 45895 45895 45895 45979 45979 45979 45979 45979 45979 
46039 46039 46039 46039 46039 46039 46064 46064 46064 46064 
46064 46064 46125 46125 46125 46125 46125 46125 46193 46193 
46193 46193 46193 46193 46261 46261 46261 46261 46261 46261 
46262 46262 46262 46262 46262 46262 46320 46320 46320 46320 
46320 46320 46320 46320 46320 46320 46320 46320 46356 46356 
46356 46356 46356 46356 46368 46368 46368 46368 46368 46368 
46393 46393 46393 46393 46393 46393 46393 46393 46393 46393 
46393 46393 46421 46421 46421 46421 46421 46421 46469 46469 
46469 46469 46469 46469 46561 46561 46561 46561 46561 46561 
46586 46586 46586 46586 46586 46586 46612 46612 46612 46612 
46612 46612 46622 46622 46622 46622 46622 46622 46644 46644 
46644 46644 46644 46644 46700 46700 46700 46700 46700 46700 
46822 46822 46822 46822 46822 46822 46844 46844 46844 46844 
46844 46844 46847 46847 46847 46847 46847 46847 46914 46914 
46914 46914 46914 46914 46928 46928 46928 46928 46928 46928 
46934 46934 46934 46934 46934 46934 46956 46956 46956 46956 
46956 46956 47062 47062 47062 47062 47062 47062 47083 47083 
47083 47083 47083 47083 47103 47103 47103 47103 47103 47103 
47119 47119 47119 47119 47119 47119 47120 47120 47120 47120 
47120 47120 47124 47124 47124 47124 47124 47124 47136 47136 
47136 47136 47136 47136 47139 47139 47139 47139 47139 47139 
47200 47200 47200 47200 47200 47200 47216 47216 47216 47216 
47216 47216 47273 47273 47273 47273 47273 47273 47333 47333 
47333 47333 47333 47333 47335 47335 47335 47335 47335 47335 
47337 47337 47337 47337 47337 47337 47435 47435 47435 47435 
47435 47435 47460 47460 47460 47460 47460 47460 47496 47496 
47496 47496 47496 47496 47526 47526 47526 47526 47526 47526 
47569 47569 47569 47569 47569 47569 47575 47575 47575 47575 
47575 47575 47576 47576 47576 47576 47576 47576 47640 47640 
47640 47640 47640 47640 47683 47683 47683 47683 47683 47683 
47736 47736 47736 47736 47736 47736 47791 47791 47791 47791 
47791 47791 47792 47792 47792 47792 47792 47792 47816 47816 
47816 47816 47816 47816 47934 47934 47934 47934 47934 47934 
48002 48002 48002 48002 48002 48002 48204 48204 48204 48204 
48204 48204 48289 48289 48289 48289 48289 48289 48311 48311 
48311 48311 48311 48311 48371 48371 48371 48371 48371 48371 
48371 48371 48371 48371 48371 48371 48535 48535 48535 48535 
48535 48535 48637 48637 48637 48637 48637 48637 48639 48639 
48639 48639 48639 48639 48654 48654 48654 48654 48654 48654 
48670 48670 48670 48670 48670 48670 48677 48677 48677 48677 
48677 48677 48703 48703 48703 48703 48703 48703 48866 48866 
48866 48866 48866 48866 49007 49007 49007 49007 49007 49007 
49064 49064 49064 49064 49064 49064 49067 49067 49067 49067 
49067 49067 49077 49077 49077 49077 49077 49077 49106 49106 
49106 49106 49106 49106 49131 49131 49131 49131 49131 49131 
49244 49244 49244 49244 49244 49244 49260 49260 49260 49260 
49260 49260 49333 49333 49333 49333 49333 49333 49343 49343 
49343 49343 49343 49343 49345 49345 49345 49345 49345 49345 
49387 49387 49387 49387 49387 49387 49421 49421 49421 49421 
49421 49421 49460 49460 49460 49460 49460 49460 49596 49596 
49596 49596 49596 49596 49612 49612 49612 49612 49612 49612 
49631 49631 49631 49631 49631 49631 49638 49638 49638 49638 
49638 49638 49677 49677 49677 49677 49677 49677 49744 49744 
49744 49744 49744 49744 49907 49907 49907 49907 49907 49907 
49931 49931 49931 49931 49931 49931 49953 49953 49953 49953 
49953 49953 50047 50047 50047 50047 50047 50047 50086 50086 
50086 50086 50086 50086 50195 50195 50195 50195 50195 50195 
50255 50255 50255 50255 50255 50255 50269 50269 50269 50269 
50269 50269 50269 50269 50269 50269 50269 50269 50286 50286 
50286 50286 50286 50286 50356 50356 50356 50356 50356 50356 
50535 50535 50535 50535 50535 50535 50574 50574 50574 50574 
50574 50574 50618 50618 50618 50618 50618 50618 50641 50641 
50641 50641 50641 50641 50648 50648 50648 50648 50648 50648 
50670 50670 50670 50670 50670 50670 50675 50675 50675 50675 
50675 50675 50714 50714 50714 50714 50714 50714 50733 50733 
50733 50733 50733 50733 50880 50880 50880 50880 50880 50880 
51010 51010 51010 51010 51010 51010 51055 51055 51055 51055 
51055 51055 51120 51120 51120 51120 51120 51120 51190 51190 
51190 51190 51190 51190 51204 51204 51204 51204 51204 51204 
51209 51209 51209 51209 51209 51209 51222 51222 51222 51222 
51222 51222 51240 51240 51240 51240 51240 51240 51319 51319 
51319 51319 51319 51319 51338 51338 51338 51338 51338 51338 
51442 51442 51442 51442 51442 51442 51462 51462 51462 51462 
51462 51462 51462 51462 51462 51462 51462 51462 51470 51470 
51470 51470 51470 51470 51560 51560 51560 51560 51560 51560 
51570 51570 51570 51570 51570 51570 51640 51640 51640 51640 
51640 51640 51694 51694 51694 51694 51694 51694 51743 51743 
51743 51743 51743 51743 51891 51891 51891 51891 51891 51891 
51913 51913 51913 51913 51913 51913 51927 51927 51927 51927 
51927 51927 51962 51962 51962 51962 51962 51962 52193 52193 
52193 52193 52193 52193 52326 52326 52326 52326 52326 52326 
52366 52366 52366 52366 52366 52366 52418 52418 52418 52418 
52418 52418 52523 52523 52523 52523 52523 52523 52634 52634 
52634 52634 52634 52634 52697 52697 52697 52697 52697 52697 
52804 52804 52804 52804 52804 52804 52808 52808 52808 52808 
52808 52808 52891 52891 52891 52891 52891 52891 52950 52950 
52950 52950 52950 52950 52980 52980 52980 52980 52980 52980 
53129 53129 53129 53129 53129 53129 53167 53167 53167 53167 
53167 53167 53266 53266 53266 53266 53266 53266 53351 53351 
53351 53351 53351 53351 53381 53381 53381 53381 53381 53381 
53442 53442 53442 53442 53442 53442 53447 53447 53447 53447 
53447 53447 53665 53665 53665 53665 53665 53665 53695 53695 
53695 53695 53695 53695 53755 53755 53755 53755 53755 53755 
53801 53801 53801 53801 53801 53801 53809 53809 53809 53809 
53809 53809 53867 53867 53867 53867 53867 53867 54003 54003 
54003 54003 54003 54003 54058 54058 54058 54058 54058 54058 
54101 54101 54101 54101 54101 54101 54193 54193 54193 54193 
54193 54193 54223 54223 54223 54223 54223 54223 54287 54287 
54287 54287 54287 54287 54332 54332 54332 54332 54332 54332 
54376 54376 54376 54376 54376 54376 54384 54384 54384 54384 
54384 54384 54440 54440 54440 54440 54440 54440 54484 54484 
54484 54484 54484 54484 54501 54501 54501 54501 54501 54501 
54550 54566 54610 54617 54928 54998 55007 55015 55071 55100 
55274 55648 55721 55734 55814 55916 55954 55980 56143 56143 
56285 56285 56285 56285 56285 56317 56317 56317 56317 56317 
56402 56402 56402 56402 56402 56440 56440 56440 56440 56440 
56517 56517 56517 56517 56517 56579 56579 56579 56579 56579 
56877 56877 56877 56877 56877 57022 57022 57022 57022 57022 
57077 57077 57077 57077 57077 57101 57101 57101 57101 57101 
57229 57229 57229 57229 57229 57427 57427 57427 57427 57427 
57433 57433 57433 57433 57433 57564 57564 57564 57564 57564 
57573 57573 57573 57573 57573 57589 57589 57589 57589 57589 
57603 57603 57603 57603 57603 57715 57715 57715 57715 57715 
57743 57743 57743 57743 57743 57789 57789 57789 57789 57789 
57795 57795 57795 57795 57795 57800 57800 57800 57800 57800 
57817 57817 57817 57817 57817 57886 57886 57886 57886 57886 
57928 57928 57928 57928 57928 58020 58020 58020 58020 58020 
58022 58022 58022 58022 58022 58086 58086 58086 58086 58086 
58174 58174 58174 58174 58174 58274 58274 58274 58274 58274 
58305 58305 58305 58305 58305 58311 58311 58311 58311 58311 
58314 58314 58314 58314 58314 58358 58358 58358 58358 58358 
58399 58399 58399 58399 58399 58415 58415 58415 58415 58415 
58593 58593 58593 58593 58593 58615 58615 58615 58615 58615 
58715 58715 58715 58715 58715 58771 58771 58771 58771 58771 
58775 58775 58775 58775 58775 58901 58901 58901 58901 58901 
59030 59030 59030 59030 59030 59234 59234 59234 59234 59234 
59291 59291 59291 59291 59291 59447 59447 59447 59447 59447 
59484 59484 59484 59484 59484 59526 59526 59526 59526 59526 
59526 59526 59526 59526 59526 59553 59553 59553 59553 59553 
59664 59664 59664 59664 59664 59713 59713 59713 59713 59713 
59721 59721 59721 59721 59721 59771 59771 59771 59771 59771 
59820 59820 59820 59820 59820 59853 59853 59853 59853 59853 
59938 59938 59938 59938 59938 60056 60056 60056 60056 60056 
60117 60117 60117 60117 60117 60130 60130 60130 60130 60130 
60154 60154 60154 60154 60154 60164 60164 60164 60164 60164 
60329 60329 60329 60329 60329 60378 60378 60378 60378 60378 
60443 60443 60443 60443 60443 60444 60444 60444 60444 60444 
60478 60478 60478 60478 60478 60610 60610 60610 60610 60610 
60626 60626 60626 60626 60626 60641 60641 60641 60641 60641 
60706 60706 60706 60706 60706 60722 60722 60722 60722 60722 
60831 60831 60831 60831 60831 60848 60848 60848 60848 60848 
60889 60889 60889 60889 60889 60916 60916 60916 60916 60916 
60969 60969 60969 60969 60969 60990 60990 60990 60990 60990 
61001 61001 61001 61001 61001 61096 61096 61096 61096 61096 
61222 61222 61222 61222 61222 61265 61265 61265 61265 61265 
61277 61277 61277 61277 61277 61303 61303 61303 61303 61303 
61345 61345 61345 61345 61345 61436 61436 61436 61436 61436 
61454 61454 61454 61454 61454 61467 61467 61467 61467 61467 
61494 61494 61494 61494 61494 61547 61547 61547 61547 61547 
61552 61552 61552 61552 61552 61597 61597 61597 61597 61597 
61668 61668 61668 61668 61668 61716 61716 61716 61716 61716 
61722 61722 61722 61722 61722 61788 61788 61788 61788 61788 
61953 61953 61953 61953 61953 62079 62079 62079 62079 62079 
62152 62152 62152 62152 62152 62264 62264 62264 62264 62264 
62264 62264 62264 62264 62264 62284 62284 62284 62284 62284 
62398 62398 62398 62398 62398 62407 62407 62407 62407 62407 
62490 62490 62490 62490 62490 62513 62513 62513 62513 62513 
62564 62564 62564 62564 62564 62592 62592 62592 62592 62592 
62606 62606 62606 62606 62606 62614 62614 62614 62614 62614 
62642 62642 62642 62642 62642 62747 62747 62747 62747 62747 
62804 62804 62804 62804 62804 62953 62953 62953 62953 62953 
63014 63014 63014 63014 63014 63059 63059 63059 63059 63059 
63066 63066 63066 63066 63066 63182 63182 63182 63182 63182 
63326 63326 63326 63326 63326 63365 63365 63365 63365 63365 
63411 63411 63411 63411 63411 63446 63446 63446 63446 63446 
63458 63458 63458 63458 63458 63478 63478 63478 63478 63478 
63550 63550 63550 63550 63550 63577 63577 63577 63577 63577 
63583 63583 63583 63583 63583 63659 63659 63659 63659 63659 
63726 63726 63726 63726 63726 63857 63857 63857 63857 63857 
63968 63968 63968 63968 63968 63981 63981 63981 63981 63981 
64158 64158 64158 64158 64158 64188 64188 64188 64188 64188 
64211 64211 64211 64211 64211 64288 64288 64288 64288 64288 
64325 64325 64325 64325 64325 64439 64439 64439 64439 64439 
64469 64469 64469 64469 64469 64663 64663 64663 64663 64663 
64715 64715 64715 64715 64715 64818 64818 64818 64818 64818 
64918 64918 64918 64918 64918 65010 65010 65010 65010 65010 
65041 65041 65041 65041 65041 65086 65086 65086 65086 65086 
65142 65142 65142 65142 65142 65176 65176 65176 65176 65176 
65241 65241 65241 65241 65241 65245 65245 65245 65245 65245 
65421 65421 65421 65421 65421 65424 65424 65424 65424 65424 
65455 65455 65455 65455 65455 65510 65510 65510 65510 65510 
65685 65685 65685 65685 65685 65728 65728 65728 65728 65728 
65751 65751 65751 65751 65751 65757 65757 65757 65757 65757 
65788 65788 65788 65788 65788 65795 65795 65795 65795 65795 
65892 65892 65892 65892 65892 65930 65930 65930 65930 65930 
65956 65956 65956 65956 65956 65966 65966 65966 65966 65966 
65996 65996 65996 65996 65996 66252 66252 66252 66252 66252 
66270 66270 66270 66270 66270 66274 66274 66274 66274 66274 
66279 66279 66279 66279 66279 66331 66331 66331 66331 66331 
66348 66348 66348 66348 66348 66373 66373 66373 66373 66373 
66377 66377 66377 66377 66377 66463 66463 66463 66463 66463 
66591 66591 66591 66591 66591 66638 66638 66638 66638 66638 
66721 66721 66721 66721 66721 66724 66724 66724 66724 66724 
66731 66731 66731 66731 66731 66808 66808 66808 66808 66808 
66828 66992 67020 67046 67135 67144 67191 67317 67395 67545 
67562 67601 67724 67764 67912 67939 68017 68035 68046 68165 
68250 68250 68250 68250 68250 68295 68295 68295 68295 68295 
68378 68378 68378 68378 68378 68417 68417 68417 68417 68417 
68473 68473 68473 68473 68473 68496 68496 68496 68496 68496 
68577 68577 68577 68577 68577 68582 68582 68582 68582 68582 
68783 68783 68783 68783 68783 68851 68851 68851 68851 68851 
68852 68852 68852 68852 68852 68863 68863 68863 68863 68863 
68868 68868 68868 68868 68868 68888 68888 68888 68888 68888 
68923 68923 68923 68923 68923 68941 68941 68941 68941 68941 
68974 68974 68974 68974 68974 69035 69035 69035 69035 69035 
69038 69038 69038 69038 69038 69066 69066 69066 69066 69066 
69129 69129 69129 69129 69129 69189 69189 69189 69189 69189 
69295 69295 69295 69295 69295 69351 69351 69351 69351 69351 
69394 69394 69394 69394 69394 69455 69455 69455 69455 69455 
69540 69540 69540 69540 69540 69589 69589 69589 69589 69589 
69610 69610 69610 69610 69610 69626 69626 69626 69626 69626 
69687 69687 69687 69687 69687 69708 69708 69708 69708 69708 
69812 69812 69812 69812 69812 69861 69861 69861 69861 69861 
69914 69914 69914 69914 69914 69933 69933 69933 69933 69933 
69950 69950 69950 69950 69950 70029 70029 70029 70029 70029 
70052 70052 70052 70052 70052 70196 70196 70196 70196 70196 
70228 70228 70228 70228 70228 70249 70249 70249 70249 70249 
70257 70257 70257 70257 70257 70264 70264 70264 70264 70264 
70411 70411 70411 70411 70411 70470 70470 70470 70470 70470 
70522 70522 70522 70522 70522 70543 70543 70543 70543 70543 
70584 70584 70584 70584 70584 70602 70602 70602 70602 70602 
70675 70675 70675 70675 70675 70700 70700 70700 70700 70700 
70766 70766 70766 70766 70766 70853 70853 70853 70853 70853 
70878 70878 70878 70878 70878 70887 70887 70887 70887 70887 
70920 70920 70920 70920 70920 70960 70960 70960 70960 70960 
70981 70981 70981 70981 70981 70995 70995 70995 70995 70995 
71030 71030 71030 71030 71030 71042 71042 71042 71042 71042 
71060 71060 71060 71060 71060 71164 71164 71164 71164 71164 
71288 71288 71288 71288 71288 71331 71331 71331 71331 71331 
71387 71387 71387 71387 71387 71415 71415 71415 71415 71415 
71510 71510 71510 71510 71510 71610 71610 71610 71610 71610 
71620 71620 71620 71620 71620 71813 71813 71813 71813 71813 
71820 71820 71820 71820 71820 71836 71836 71836 71836 71836 
71913 71913 71913 71913 71913 72019 72019 72019 72019 72019 
72040 72040 72040 72040 72040 72087 72087 72087 72087 72087 
72124 72124 72124 72124 72124 72176 72176 72176 72176 72176 
72259 72259 72259 72259 72259 72278 72278 72278 72278 72278 
72317 72317 72317 72317 72317 72337 72337 72337 72337 72337 
72418 72418 72418 72418 72418 72428 72428 72428 72428 72428 
72518 72518 72518 72518 72518 72530 72530 72530 72530 72530 
72593 72593 72593 72593 72593 72598 72598 72598 72598 72598 
72641 72641 72641 72641 72641 72654 72654 72654 72654 72654 
72713 72713 72713 72713 72713 72724 72724 72724 72724 72724 
72767 72767 72767 72767 72767 72853 72853 72853 72853 72853 
72906 72906 72906 72906 72906 72935 72935 72935 72935 72935 
72935 72935 72935 72935 72935 72972 72972 72972 72972 72972 
73068 73068 73068 73068 73068 73089 73089 73089 73089 73089 
73124 73124 73124 73124 73124 73212 73212 73212 73212 73212 
73349 73349 73349 73349 73349 73378 73378 73378 73378 73378 
73467 73467 73467 73467 73467 73861 73861 73861 73861 73861 
73958 73958 73958 73958 73958 73978 73978 73978 73978 73978 
73992 73992 73992 73992 73992 74062 74062 74062 74062 74062 
74108 74108 74108 74108 74108 74119 74119 74119 74119 74119 
74141 74141 74141 74141 74141 74174 74174 74174 74174 74174 
74186 74186 74186 74186 74186 74207 74207 74207 74207 74207 
74237 74237 74237 74237 74237 74277 74277 74277 74277 74277 
74455 74455 74455 74455 74455 74483 74483 74483 74483 74483 
74534 74534 74534 74534 74534 74574 74574 74574 74574 74574 
74898 74898 74898 74898 74898 74912 74912 74912 74912 74912 
74925 74925 74925 74925 74925 75089 75089 75089 75089 75089 
75160 75160 75160 75160 75160 75239 75239 75239 75239 75239 
75270 75270 75270 75270 75270 75270 75270 75270 75270 75270 
75306 75306 75306 75306 75306 75410 75410 75410 75410 75410 
75496 75496 75496 75496 75496 75562 75562 75562 75562 75562 
75579 75579 75579 75579 75579 75622 75622 75622 75622 75622 
75683 75683 75683 75683 75683 75788 75788 75788 75788 75788 
75911 75911 75911 75911 75911 76098 76098 76098 76098 76098 
76132 76132 76132 76132 76132 76146 76146 76146 76146 76146 
76191 76191 76191 76191 76191 76210 76210 76210 76210 76210 
76333 76333 76333 76333 76333 76349 76349 76349 76349 76349 
76679 76679 76679 76679 76679 76687 76687 76687 76687 76687 
76722 76722 76722 76722 76722 76727 76727 76727 76727 76727 
76746 76746 76746 76746 76746 76793 76793 76793 76793 76793 
76900 76900 76900 76900 76900 76952 76952 76952 76952 76952 
76954 76954 76954 76954 76954 77012 77012 77012 77012 77012 
77041 77041 77041 77041 77041 77065 77065 77065 77065 77065 
77228 77228 77228 77228 77228 77257 77257 77257 77257 77257 
77259 77259 77259 77259 77259 77340 77340 77340 77340 77340 
77403 77403 77403 77403 77403 77487 77487 77487 77487 77487 
77533 77533 77533 77533 77533 77561 77561 77561 77561 77561 
77576 77576 77576 77576 77576 77581 77581 77581 77581 77581 
77607 77607 77607 77607 77607 77614 77614 77614 77614 77614 
77646 77646 77646 77646 77646 77673 77673 77673 77673 77673 
77673 77673 77673 77673 77673 77686 77686 77686 77686 77686 
77779 77779 77779 77779 77779 77820 77820 77820 77820 77820 
78087 78087 78087 78087 78087 78089 78089 78089 78089 78089 
78097 78193 78194 78252 78266 78316 78328 78366 78395 78836 
78927 79293 79443 79567 79630 79657 79660 79727 79774 79796 
79820 79820 79820 79820 79820 79901 79901 79901 79901 79901 
80081 80081 80081 80081 80081 80224 80224 80224 80224 80224 
80282 80282 80282 80282 80282 80358 80358 80358 80358 80358 
80365 80365 80365 80365 80365 80562 80562 80562 80562 80562 
80622 80622 80622 80622 80622 80659 80659 80659 80659 80659 
80665 80665 80665 80665 80665 80736 80736 80736 80736 80736 
80749 80749 80749 80749 80749 80764 80764 80764 80764 80764 
80777 80777 80777 80777 80777 80796 80796 80796 80796 80796 
80841 80841 80841 80841 80841 80909 80909 80909 80909 80909 
81106 81106 81106 81106 81106 81130 81130 81130 81130 81130 
81152 81152 81152 81152 81152 81229 81229 81229 81229 81229 
81484 81484 81484 81484 81484 81504 81504 81504 81504 81504 
81552 81552 81552 81552 81552 81576 81576 81576 81576 81576 
81606 81606 81606 81606 81606 81642 81642 81642 81642 81642 
81678 81678 81678 81678 81678 81879 81879 81879 81879 81879 
81913 81913 81913 81913 81913 81940 81940 81940 81940 81940 
81972 81972 81972 81972 81972 81976 81976 81976 81976 81976 
82131 82131 82131 82131 82131 82158 82158 82158 82158 82158 
82242 82242 82242 82242 82242 82271 82271 82271 82271 82271 
82355 82355 82355 82355 82355 82406 82406 82406 82406 82406 
82441 82441 82441 82441 82441 82465 82465 82465 82465 82465 
82505 82505 82505 82505 82505 82540 82540 82540 82540 82540 
82555 82555 82555 82555 82555 82579 82579 82579 82579 82579 
82601 82601 82601 82601 82601 82604 82604 82604 82604 82604 
82646 82646 82646 82646 82646 82734 82734 82734 82734 82734 
82987 82987 82987 82987 82987 83021 83021 83021 83021 83021 
83044 83044 83044 83044 83044 83096 83096 83096 83096 83096 
83225 83225 83225 83225 83225 83230 83230 83230 83230 83230 
83330 83330 83330 83330 83330 83352 83352 83352 83352 83352 
83410 83410 83410 83410 83410 83418 83418 83418 83418 83418 
83419 83419 83419 83419 83419 83451 83451 83451 83451 83451 
83465 83465 83465 83465 83465 83564 83564 83564 83564 83564 
83569 83569 83569 83569 83569 83621 83621 83621 83621 83621 
83758 83758 83758 83758 83758 83761 83761 83761 83761 83761 
83778 83778 83778 83778 83778 83805 83805 83805 83805 83805 
83857 83857 83857 83857 83857 83933 83933 83933 83933 83933 
83965 83965 83965 83965 83965 84059 84059 84059 84059 84059 
84423 84423 84423 84423 84423 84480 84480 84480 84480 84480 
84719 84719 84719 84719 84719 84759 84759 84759 84759 84759 
84838 84838 84838 84838 84838 84854 84854 84854 84854 84854 
84973 84973 84973 84973 84973 85021 85021 85021 85021 85021 
85033 85033 85033 85033 85033 85107 85107 85107 85107 85107 
85142 85142 85142 85142 85142 85231 85231 85231 85231 85231 
85266 85266 85266 85266 85266 85344 85344 85344 85344 85344 
85353 85353 85353 85353 85353 85446 85446 85446 85446 85446 
85461 85461 85461 85461 85461 85475 85475 85475 85475 85475 
85529 85529 85529 85529 85529 85556 85556 85556 85556 85556 
85581 85581 85581 85581 85581 85591 85591 85591 85591 85591 
85613 85613 85613 85613 85613 85687 85687 85687 85687 85687 
85701 85701 85701 85701 85701 85783 85783 85783 85783 85783 
85863 85863 85863 85863 85863 85905 85905 85905 85905 85905 
85935 85935 85935 85935 85935 85973 85973 85973 85973 85973 
85991 85991 85991 85991 85991 86145 86145 86145 86145 86145 
86182 86182 86182 86182 86182 86196 86196 86196 86196 86196 
86209 86209 86209 86209 86209 86211 86211 86211 86211 86211 
86220 86220 86220 86220 86220 86234 86234 86234 86234 86234 
86249 86249 86249 86249 86249 86358 86358 86358 86358 86358 
86359 86359 86359 86359 86359 86403 86403 86403 86403 86403 
86511 86511 86511 86511 86511 86640 86640 86640 86640 86640 
86695 86695 86695 86695 86695 86816 86816 86816 86816 86816 
86842 86842 86842 86842 86842 86860 86860 86860 86860 86860 
86881 86881 86881 86881 86881 86894 86894 86894 86894 86894 
86898 86898 86898 86898 86898 86977 86977 86977 86977 86977 
87056 87056 87056 87056 87056 87057 87057 87057 87057 87057 
87171 87171 87171 87171 87171 87231 87231 87231 87231 87231 
87307 87307 87307 87307 87307 87444 87444 87444 87444 87444 
87506 87506 87506 87506 87506 87542 87542 87542 87542 87542 
87555 87555 87555 87555 87555 87571 87571 87571 87571 87571 
87600 87600 87600 87600 87600 87671 87671 87671 87671 87671 
87710 87710 87710 87710 87710 87754 87754 87754 87754 87754 
87783 87783 87783 87783 87783 87885 87885 87885 87885 87885 
87923 87923 87923 87923 87923 87936 87936 87936 87936 87936 
87939 87939 87939 87939 87939 87940 87940 87940 87940 87940 
88003 88003 88003 88003 88003 88011 88011 88011 88011 88011 
88023 88023 88023 88023 88023 88084 88084 88084 88084 88084 
88132 88132 88132 88132 88132 88187 88187 88187 88187 88187 
88227 88227 88227 88227 88227 88261 88261 88261 88261 88261 
88263 88263 88263 88263 88263 88273 88273 88273 88273 88273 
88310 88310 88310 88310 88310 88370 88370 88370 88370 88370 
88513 88513 88513 88513 88513 88528 88528 88528 88528 88528 
88540 88540 88540 88540 88540 88669 88669 88669 88669 88669 
88680 88680 88680 88680 88680 88713 88713 88713 88713 88713 
88743 88743 88743 88743 88743 88780 88780 88780 88780 88780 
88791 88791 88791 88791 88791 88946 88946 88946 88946 88946 
89060 89060 89060 89060 89060 89115 89115 89115 89115 89115 
89212 89212 89212 89212 89212 89222 89222 89222 89222 89222 
89239 89239 89239 89239 89239 89323 89323 89323 89323 89323 
89335 89335 89335 89335 89335 89359 89359 89359 89359 89359 
89520 89520 89520 89520 89520 89757 89757 89757 89757 89757 
89809 89809 89809 89809 89809 89895 89895 89895 89895 89895 
89933 89985 90000 90007 90084 90124 90305 90350 90407 90433 
90473 90483 90533 90581 90589 90595 90732 90734 90821 90880 
91021 91021 91021 91021 91021 91123 91123 91123 91123 91123 
91205 91205 91205 91205 91205 91208 91208 91208 91208 91208 
91222 91222 91222 91222 91222 91222 91222 91222 91222 91222 
91231 91231 91231 91231 91231 91238 91238 91238 91238 91238 
91269 91269 91269 91269 91269 91353 91353 91353 91353 91353 
91357 91357 91357 91357 91357 91442 91442 91442 91442 91442 
91479 91479 91479 91479 91479 91519 91519 91519 91519 91519 
91559 91559 91559 91559 91559 91597 91597 91597 91597 91597 
91690 91690 91690 91690 91690 91796 91796 91796 91796 91796 
91891 91891 91891 91891 91891 91931 91931 91931 91931 91931 
91934 91934 91934 91934 91934 91939 91939 91939 91939 91939 
91975 91975 91975 91975 91975 92005 92005 92005 92005 92005 
92098 92098 92098 92098 92098 92103 92103 92103 92103 92103 
92143 92143 92143 92143 92143 92150 92150 92150 92150 92150 
92184 92184 92184 92184 92184 92268 92268 92268 92268 92268 
92282 92282 92282 92282 92282 92283 92283 92283 92283 92283 
92325 92325 92325 92325 92325 92442 92442 92442 92442 92442 
92499 92499 92499 92499 92499 92511 92511 92511 92511 92511 
92536 92536 92536 92536 92536 92560 92560 92560 92560 92560 
92708 92708 92708 92708 92708 92770 92770 92770 92770 92770 
92811 92811 92811 92811 92811 92915 92915 92915 92915 92915 
92957 92957 92957 92957 92957 93062 93062 93062 93062 93062 
93099 93099 93099 93099 93099 93183 93183 93183 93183 93183 
93191 93191 93191 93191 93191 93355 93355 93355 93355 93355 
93493 93493 93493 93493 93493 93538 93538 93538 93538 93538 
93572 93572 93572 93572 93572 93625 93625 93625 93625 93625 
93680 93680 93680 93680 93680 93887 93887 93887 93887 93887 
93926 93926 93926 93926 93926 93981 93981 93981 93981 93981 
94028 94028 94028 94028 94028 94098 94098 94098 94098 94098 
94243 94243 94243 94243 94243 94357 94357 94357 94357 94357 
94442 94442 94442 94442 94442 94450 94450 94450 94450 94450 
94457 94457 94457 94457 94457 94488 94488 94488 94488 94488 
94539 94539 94539 94539 94539 94608 94608 94608 94608 94608 
94656 94656 94656 94656 94656 94760 94760 94760 94760 94760 
94765 94765 94765 94765 94765 94928 94928 94928 94928 94928 
94944 94944 94944 94944 94944 94967 94967 94967 94967 94967 
94994 94994 94994 94994 94994 95012 95012 95012 95012 95012 
95015 95015 95015 95015 95015 95016 95016 95016 95016 95016 
95070 95070 95070 95070 95070 95081 95081 95081 95081 95081 
95172 95172 95172 95172 95172 95210 95210 95210 95210 95210 
95237 95237 95237 95237 95237 95310 95310 95310 95310 95310 
95398 95398 95398 95398 95398 95433 95433 95433 95433 95433 
95499 95499 95499 95499 95499 95619 95619 95619 95619 95619 
95649 95649 95649 95649 95649 95702 95702 95702 95702 95702 
95761 95761 95761 95761 95761 95762 95762 95762 95762 95762 
95938 95938 95938 95938 95938 95948 95948 95948 95948 95948 
96018 96018 96018 96018 96018 96020 96020 96020 96020 96020 
96042 96042 96042 96042 96042 96121 96121 96121 96121 96121 
96124 96124 96124 96124 96124 96189 96189 96189 96189 96189 
96215 96215 96215 96215 96215 96238 96238 96238 96238 96238 
96366 96366 96366 96366 96366 96396 96396 96396 96396 96396 
96422 96422 96422 96422 96422 96430 96430 96430 96430 96430 
96443 96443 96443 96443 96443 96505 96505 96505 96505 96505 
96528 96528 96528 96528 96528 96547 96547 96547 96547 96547 
96585 96585 96585 96585 96585 96608 96608 96608 96608 96608 
96613 96613 96613 96613 96613 96625 96625 96625 96625 96625 
96644 96644 96644 96644 96644 96669 96669 96669 96669 96669 
96682 96682 96682 96682 96682 96790 96790 96790 96790 96790 
96845 96845 96845 96845 96845 96905 96905 96905 96905 96905 
96913 96913 96913 96913 96913 96934 96934 96934 96934 96934 
96954 96954 96954 96954 96954 97075 97075 97075 97075 97075 
97115 97115 97115 97115 97115 97119 97119 97119 97119 97119 
97169 97169 97169 97169 97169 97239 97239 97239 97239 97239 
97331 97331 97331 97331 97331 97373 97373 97373 97373 97373 
97388 97388 97388 97388 97388 97389 97389 97389 97389 97389 
97396 97396 97396 97396 97396 97519 97519 97519 97519 97519 
97579 97579 97579 97579 97579 97625 97625 97625 97625 97625 
97676 97676 97676 97676 97676 97746 97746 97746 97746 97746 
97845 97845 97845 97845 97845 97891 97891 97891 97891 97891 
98032 98032 98032 98032 98032 98059 98059 98059 98059 98059 
98143 98143 98143 98143 98143 98166 98166 98166 98166 98166 
98175 98175 98175 98175 98175 98280 98280 98280 98280 98280 
98284 98284 98284 98284 98284 98468 98468 98468 98468 98468 
98509 98509 98509 98509 98509 98541 98541 98541 98541 98541 
98547 98547 98547 98547 98547 98580 98580 98580 98580 98580 
98620 98620 98620 98620 98620 98627 98627 98627 98627 98627 
98658 98658 98658 98658 98658 98678 98678 98678 98678 98678 
98695 98695 98695 98695 98695 98721 98721 98721 98721 98721 
98794 98794 98794 98794 98794 98821 98821 98821 98821 98821 
98826 98826 98826 98826 98826 98858 98858 98858 98858 98858 
98887 98887 98887 98887 98887 98957 98957 98957 98957 98957 
98971 98971 98971 98971 98971 98998 98998 98998 98998 98998 
99090 99090 99090 99090 99090 99143 99143 99143 99143 99143 
99224 99224 99224 99224 99224 99228 99228 99228 99228 99228 
99404 99404 99404 99404 99404 99583 99583 99583 99583 99583 
99617 99617 99617 99617 99617 99728 99728 99728 99728 99728 
99748 99748 99748 99748 99748 99759 99759 99759 99759 99759 
99773 99773 99773 99773 99773 99780 99780 99780 99780 99780 
99795 99795 99795 99795 99795 99847 99847 99847 99847 99847 
99910 99910 99910 99910 99910 99978 99978 99978 99978 99978 
